position = (-0.101105000001498, 0.956000000012302) 1*10^14

position = (-0.5449634653, 0.61856500519) 1*10^10